Episode50:0.5016729398493266
Episode100:2.1646325607487533
Episode150:2.3521472157380305
Episode200:0.7307203842846006
Episode250:2.117677202807197
Episode300:2.1621471178109055
Episode350:0.21851569382819505
Episode400:2.2644950136703503
Episode450:2.156757641884491
Episode500:1.4371289951767552
Episode550:2.450756793614651
Episode600:1.9699932331400438
Episode650:0.2776274131735723
Episode700:2.5549183834952216
Episode750:2.486453180091777
Episode800:2.7431855495880644
Episode850:0.5717945671228992
Episode900:2.9207868590306423
Episode950:0.5540521633007485
Episode1000:2.0636268001775715
Episode1050:1.9621194461211635
Episode1100:2.230606907464771
Episode1150:2.67818454512666
Episode1200:2.766997287794007
Episode1250:2.8601113342451856
