Episode50:-0.06282658670700851
Episode100:-0.06502363651000234
Episode150:-0.029297537587627355
Episode200:0.06404788562539787
Episode250:0.12294428309312233
Episode300:0.6318678224684552
Episode350:0.6789895633429617
Episode400:1.2381607446599214
Episode450:1.127044899153938
Episode500:1.5377574169163926
Episode550:1.5003714766086118
Episode600:1.6547209750713117
Episode650:1.739291879875651
Episode700:1.8111477938186815
Episode750:1.9022001769971038
Episode800:2.0410077906576256
Episode850:1.7275601414285788
Episode900:1.7712014588418845
Episode950:1.776020695082652
Episode1000:1.6016793124250288
Episode1050:1.1054458155107927
Episode1100:1.5336787733196773
Episode1150:1.8936674146059758
Episode1200:1.8548336402354408
Episode1250:1.964250068847976
Episode1300:1.946020275437282
Episode1350:1.9996831538896753
Episode1400:1.922638802721763
Episode1450:1.9779028016724598
Episode1500:1.7606375057934727
Episode1550:1.286406102467921
Episode1600:1.8441479722076246
Episode1650:1.6809546696630733
Episode1700:2.055616874222819
Episode1750:1.988220533996375
Episode1800:2.09340264615211
Episode1850:2.1358906294001114
Episode1900:2.0047292771130625
Episode1950:1.9431301429612233
Episode2000:1.822151492005567
Episode2050:2.132906179878937
Episode2100:1.9324805794274857
Episode2150:2.2183961073534664
Episode2200:1.9084386493056453